100: [(18, 0), (24, 0), (2, 0), (9, 0), (3, 2), (33, 0)] -  287.000000
101: [(0, 0), (7, 0), (10, 1), (5, 0), (16, 0), (25, 0), (4, 2)] - 194.000000
102: [(45, 0), (8, 0), (12, 0), (25, 0), (40, 0), (34, 0), (0, 0), (19, 0), (6, 0)] - 964.000000
103: [(1, 0), (4, 0), (11, 0), (5, 0), (8, 0), (5, 3), (17, 0)] - 108.000000
104: [(5, 0), (23, 0), (8, 0), (33, 0), (2, 0), (8, 1), (16, 0)] - 367.000000
105: [(5, 0), (10, 1), (8, 2), (3, 0), (5, 1)] - 268.000000
106: [(8, 1), (0, 0), (3, 3), (4, 4), (22, 3), (3, 1), (7, 0), (8, 4)] - 562.000000
107: [(45, 0), (56, 0), (36, 0), (8, 0), (15, 0), (22, 0), (29, 0), (7, 0)] - 259.000000
108: [(0, 0), (20, 0), (26, 0), (3, 0), (1, 4), (10, 0), (5, 0)] - 320.000000
109: [(2, 1), (3, 0), (6, 0), (1, 2), (1, 3), (1, 0), (4, 2)]    - 37.000000
